19
931
0
904
947
129
350
629
730
1013
873
53
146
293
145
641
434
766
948
205
21
824
452
837
921
881
175
275
680
1003
314
144
79
979
264
997
657
947
1021
104
641
596
43
704
692
913
602
644
1004
900
515
41
138
532
1022
973
690
474
524
83
534
861
124
577
605
692
646
782
43
651
632
992
963
966
993
760
932
406
223
752
471
800
662
660
923
1016
595
22
908
418
536
87
416
1008
583
505
633
496
487
68
497
558
453
397
158
976
25
567
998
5
819
924
543
376
139
182
535
339
297
343
876
46
901
981
19
480
110
179
129
451
64
760
464
987
478
574
114
681
758
139
416
890
654
44
18
337
912
992
64
211
221
481
181
84
706
24
893
661
182
354
977
562
239
258
35
185
1013
352
503
32
601
1010
177
949
574
569
885
506
606
825
801
747
478
753
709
913
329
585
648
663
961
761
172
682
459
656
462
877
126
434
455
202
1014
141
555
902
834
497
538
659
896
134
428
1010
921
944
605
538
535
487
20
992
1000
318
10
1022
784
715
18
585
207
768
217
210
670
912
549
1023
630
732
840
896
610
856
729
97
701
868
661
924
9
856
372
688
200
417
689
930
475
1022
664
901
407
904
777
180
605
309
902
530
461
136
598
561
531
967
38
431
977
822
401
936
979
661
488
580
528
775
104
664
754
930
450
537
733
886
831
883
717
694
779
960
30
85
702
754
39
666
626
130
45
95
850
549
957
85
974
524
146
983
897
492
654
501
816
711
737
242
14
785
910
603
428
22
396
852
332
834
153
764
594
1014
1014
888
672
194
673
755
80
534
449
147
889
560
645
1013
874
528
498
658
890
319
42
614
927
273
631
22
530
1007
96
1016
54
920
999
8
679
990
572
853
613
356
986
934
984
148
253
878
626
140
480
838
330
731
653
660
49
996
269
155
611
938
564
377
11
10
190
202
973
968
909
497
197
1000
872
971
596
31
575
108
40
592
46
75
816
768
534
150
249
12
674
740
777
845
619
652
941
864
291
401
419
888
466
998
300
643
659
160
973
329
909
906
636
933
750
209
921
95
581
362
472
533
622
90
524
966
624
536
84
940
602
798
697
250
779
640
928
938
245
886
321
493
769
945
165
775
82
572
381
698
89
77
92
962
827
302
308
848
995
620
955
662
367
359
441
1012
604
3
451
48
103
456
222
438
893
87
306
740
218
199
133
465
744
529
638
120
718
541
783
696
228
836
556
378
622
413
75
951
378
194
441
889
170
422
796
94
572
84
166
129
568
593
978
537
566
813
138
859
342
370
205
128
898
928
56
571
878
247
879
249
654
120
3
199
717
388
412
753
353
948
668
1007
472
430
147
125
404
242
160
593
166
799
578
16
214
118
657
1000
951
514
442
20
433
439
138
706
513
733
819
127
552
737
172
513
637
656
142
608
776
735
932
496
600
522
904
698
879
554
260
850
974
337
868
799
797
335
997
458
314
780
743
67
867
511
151
901
580
484
80
81
965
686
774
208
561
592
308
642
92
943
483
423
1018
689
38
953
258
748
92
882
674
436
862
181
95
202
582
716
532
224
896
903
900
890
169
176
235
786
187
93
946
961
71
722
688
964
112
586
646
597
515
609
599
984
612
617
977
891
731
389
415
728
698
122
629
634
747
982
1012
899
106
224
158
838
166
717
152
498
891
537
550
226
678
772
883
693
76
415
250
974
225
315
210
30
872
818
379
394
916
808
219
457
880
241
78
41
777
141
882
2
676
114
854
109
542
30
233
206
161
847
380
609
910
110
666
671
670
759
738
261
527
1021
702
651
805
485
745
1004
612
967
620
412
445
191
576
628
967
305
817
249
134
440
139
629
663
911
210
221
368
428
740
956
660
1022
869
183
1013
694
280
946
926
405
341
136
54
247
360
298
213
885
655
235
226
226
888
175
682
418
165
159
240
596
207
823
797
13
507
840
251
544
926
228
885
209
114
130
493
528
518
943
117
580
554
81
137
244
167
798
548
198
137
29
117
946
793
676
570
859
1014
877
473
772
588
123
1010
41
90
527
728
408
290
510
411
917
351
421
764
963
89
944
744
851
462
690
753
277
117
739
943
473
399
161
162
678
188
887
168
160
106
90
878
760
791
677
502
71
201
138
679
832
526
214
872
27
371
836
217
669
738
135
684
125
105
148
194
393
357
1017
983
627
514
98
19
70
704
897
130
369
382
738
703
754
427
543
103
736
284
5
671
546
639
937
667
306
542
661
236
971
914
996
338
183
431
252
625
792
315
630
26
223
684
220
971
220
390
332
374
939
940
663
763
1019
146
446
871
584
702
185
162
831
247
184
176
953
231
294
615
297
939
914
1019
903
545
682
558
193
906
149
609
156
928
571
931
106
379
965
806
175
42
233
63
454
430
946
858
259
773
141
378
759
38
320
101
126
357
847
820
53
866
353
986
889
994
662
345
930
1005
848
909
225
1002
25
402
728
653
1002
221
679
839
99
144
777
131
382
985
718
225
575
9
1006
364
752
590
190
466
88
50
877
992
192
405
179
227
962
153
296
533
389
583
91
786
11
248
3
518
460
565
372
519
351
39
484
743
466
360
234
770
885
790
85
547
310
198
223
177
766
676
274
477
853
730
176
11
697
149
479
352
851
934
648
643
576
83
362
952
1012
86
165
62
62
231
447
56
811
793
773
826
958
105
600
111
846
4
406
68
768
359
366
343
604
493
25
826
309
681
485
873
558
554
902
700
821
230
507
430
996
91
502
962
194
184
222
838
367
73
167
683
144
639
356
985
540
241
545
401
294
330
914
132
129
222
173
460
866
412
246
993
18
119
340
248
169
355
865
1007
152
426
703
236
388
780
177
127
212
197
227
292
399
958
882
953
289
116
36
189
624
330
76
683
60
808
1009
360
252
482
187
414
881
725
675
711
195
853
163
549
248
366
151
51
687
232
892
395
861
366
484
219
150
171
865
884
716
784
532
69
172
781
298
366
544
833
397
530
16
581
732
980
864
907
297
464
757
564
101
243
157
164
540
900
899
408
750
805
550
859
348
130
361
774
485
711
96
98
513
93
786
708
867
562
348
917
47
958
195
434
35
536
48
201
954
41
873
850
527
266
494
88
528
481
586
794
769
887
746
499
957
196
324
73
108
899
707
734
636
773
601
625
312
341
86
846
56
980
670
700
647
81
491
69
499
901
714
660
647
123
216
999
970
107
921
985
154
986
203
1020
756
673
1
977
453
453
451
401
734
133
886
923
242
187
99
807
57
916
204
392
142
111
148
107
67
15
721
504
225
270
737
173
121
113
867
795
598
137
756
80
888
47
817
219
394
101
320
195
387
254
438
511
617
282
181
191
959
234
976
548
857
751
389
835
569
264
573
695
369
809
540
116
178
826
915
723
684
327
425
1002
830
33
178
237
1001
6
269
631
494
970
665
536
131
680
693
944
568
822
600
254
255
990
311
629
385
681
90
398
516
950
879
668
120
342
52
665
955
852
531
855
848
72
44
988
925
972
333
578
404
14
990
525
1
145
42
864
541
159
585
866
1012
27
457
353
126
4
232
896
144
908
361
969
683
594
140
742
213
178
988
845
666
519
115
444
723
346
460
802
723
335
216
960
400
155
393
754
930
482
1020
665
402
459
149
107
244
192
931
54
354
358
355
677
634
266
677
791
670
1
793
544
52
955
206
508
1010
782
539
850
872
46
665
180
421
20
88
834
782
933
942
489
2
1020
22
5
960
837
502
962
547
721
823
320
874
818
916
421
823
788
935
109
468
43
908
949
947
934
718
173
75
128
276
29
243
17
591
425
916
853
768
913
15
302
346
589
893
124
373
246
77
82
610
570
856
590
234
857
678
504
344
571
386
50
300
710
410
953
938
37
136
989
874
128
910
203
192
922
767
897
692
42
898
431
857
456
235
860
522
132
478
664
624
421
110
787
581
833
533
273
541
572
912
621
609
781
608
1005
100
696
455
94
459
631
7
806
47
182
230
1001
404
715
904
714
111
697
644
824
647
12
236
365
105
467
589
469
822
774
297
386
34
666
959
722
391
354
619
512
50
50
476
988
818
876
1016
108
298
174
171
982
352
938
105
713
794
894
154
758
395
197
720
217
945
59
766
420
641
618
696
30
519
232
338
935
963
638
65
739
491
112
198
633
884
66
119
705
384
998
950
813
26
812
101
141
984
719
65
1001
969
472
504
783
151
196
934
613
250
424
77
204
46
821
44
553
650
104
538
322
145
330
209
233
157
296
478
1001
464
788
611
727
424
523
852
28
336
875
420
529
570
349
398
886
400
471
729
500
627
614
280
824
1009
186
272
77
510
308
318
739
364
33
345
714
982
1
444
238
302
372
866
693
343
585
67
372
521
309
283
852
789
526
529
903
521
448
358
340
291
998
445
23
999
374
633
206
830
371
761
262
346
296
985
713
500
13
242
132
678
677
622
426
577
874
706
587
14
374
542
420
640
769
381
289
809
697
915
266
833
180
261
143
279
614
658
262
533
797
849
512
256
469
497
914
226
345
968
638
858
60
805
306
728
552
464
500
164
894
446
186
744
919
27
550
778
855
579
626
994
424
712
375
313
832
560
274
682
79
712
0
770
621
470
334
787
565
746
197
634
281
925
49
970
271
292
263
551
822
752
10
892
569
21
373
492
560
829
278
295
455
344
278
353
26
356
163
491
468
704
968
567
546
726
562
831
984
824
771
325
557
28
980
555
564
796
563
782
566
567
787
452
240
169
649
983
376
608
218
39
721
40
727
780
961
78
276
368
559
269
702
564
732
142
616
602
477
433
299
601
563
215
360
589
685
369
911
836
708
737
587
260
952
546
758
304
303
813
86
856
457
803
619
897
152
456
604
774
894
890
954
333
271
520
964
559
301
411
350
396
821
268
275
133
952
59
755
168
263
830
295
714
149
237
790
97
310
328
272
102
622
796
351
735
122
996
427
283
185
764
956
691
995
924
470
736
805
721
917
100
396
94
246
304
636
726
577
301
143
705
736
380
918
36
465
393
359
771
286
561
258
102
290
213
196
224
734
689
165
800
310
298
328
634
377
803
745
950
73
238
769
191
591
271
300
691
607
733
891
764
211
290
695
483
905
227
245
377
991
452
511
720
137
246
925
642
940
724
323
52
407
1008
672
523
406
802
843
819
545
615
776
612
525
314
82
341
644
164
720
628
436
746
406
779
293
577
681
597
51
228
646
251
234
791
156
801
794
515
590
790
277
741
659
28
849
854
282
328
809
466
685
524
586
816
871
610
34
102
7
844
289
20
338
830
236
525
699
595
82
200
450
772
476
158
371
773
432
965
748
182
495
920
851
70
74
261
193
485
89
520
346
21
944
215
752
477
448
325
705
319
640
936
270
719
154
273
80
400
724
655
392
25
538
566
798
288
474
1011
997
668
613
540
490
450
365
201
913
256
428
694
304
815
288
24
817
262
135
680
620
239
742
722
392
379
410
732
287
747
1008
160
834
516
718
270
282
284
597
435
172
496
592
285
674
1006
784
416
299
333
508
29
337
900
514
880
656
994
756
804
789
132
652
410
447
429
969
500
905
986
274
501
643
1003
386
775
458
230
920
200
653
765
118
273
441
170
862
6
267
85
429
240
282
981
569
422
397
905
579
630
517
472
870
311
664
875
418
156
495
510
49
163
841
709
863
612
189
810
808
826
118
169
821
168
516
941
481
776
157
348
997
288
961
765
238
437
522
166
116
363
795
268
606
932
368
203
245
828
32
556
452
848
419
954
708
939
811
63
626
72
302
426
602
8
122
651
12
311
521
495
532
964
514
727
9
26
871
870
264
481
649
324
783
863
810
987
61
192
83
696
887
57
0
440
594
488
603
642
1008
811
240
186
837
262
326
786
827
573
460
188
975
849
804
701
89
553
832
429
290
518
790
635
638
96
693
486
789
167
293
829
505
606
492
243
981
419
232
462
892
61
422
177
391
55
860
591
385
648
771
490
189
627
501
489
623
506
907
97
375
318
394
200
382
1002
154
995
549
745
179
993
103
724
327
268
340
316
637
193
301
882
171
545
279
249
229
884
710
581
762
687
686
373
488
880
1023
667
115
489
812
686
217
368
686
792
676
584
716
604
164
1015
479
233
196
341
948
23
700
34
208
512
370
724
402
278
960
96
552
807
153
584
286
951
251
802
941
303
338
423
253
628
624
526
148
321
801
841
377
972
1009
91
361
738
937
494
584
369
136
975
415
684
364
2
565
942
375
376
713
958
380
781
348
603
68
230
521
456
127
416
652
615
765
135
58
1009
244
949
616
753
741
255
31
793
150
376
100
358
336
398
54
390
510
635
964
106
425
518
623
186
121
587
606
486
987
15
211
207
349
825
575
656
611
554
115
370
380
825
558
560
712
71
820
84
364
57
63
688
79
881
395
292
566
517
517
583
117
699
672
742
982
492
635
387
1017
126
906
278
725
480
884
327
1003
843
600
873
121
124
950
719
176
453
833
259
578
781
473
112
648
277
45
668
685
586
978
18
313
409
287
334
484
948
325
397
313
404
839
927
734
794
729
454
756
837
239
119
929
461
546
924
1004
846
767
394
476
1006
276
65
439
407
102
672
905
857
214
735
433
969
642
1021
468
596
412
653
789
929
935
772
323
861
557
544
174
705
174
675
570
708
237
902
785
750
499
403
408
868
202
864
576
881
104
59
1011
6
463
736
529
726
688
210
937
384
409
208
204
751
329
122
508
706
444
936
907
449
12
417
588
836
767
309
814
870
966
865
598
854
386
265
869
918
321
418
621
345
868
709
551
305
749
966
316
792
267
520
286
806
344
918
841
112
623
657
265
915
748
334
785
319
443
448
513
292
287
812
475
716
814
113
757
312
607
630
784
411
480
121
174
37
300
517
841
362
216
229
1015
563
62
60
650
70
847
402
922
759
701
190
476
391
447
178
337
414
625
895
220
98
776
414
761
748
37
170
198
945
1018
860
427
320
306
268
317
509
909
883
293
828
504
942
36
531
703
432
548
443
543
334
439
613
294
707
58
1015
593
475
757
906
926
68
24
810
229
443
770
588
448
349
437
205
73
21
66
199
118
949
261
607
895
845
988
123
161
100
608
1011
940
252
307
238
644
989
307
40
134
807
10
131
796
994
396
757
469
932
36
976
863
712
509
898
248
158
810
329
490
490
86
487
413
307
595
209
505
33
616
758
715
218
799
440
740
414
673
894
213
339
438
568
828
981
927
553
980
1005
482
331
436
553
552
267
812
183
846
680
64
374
405
551
317
573
275
804
318
498
432
124
325
331
832
184
390
610
212
259
6
965
926
650
0
788
726
507
509
707
62
658
72
403
474
461
363
363
150
264
457
855
108
555
285
741
844
669
28
272
788
69
710
646
762
140
449
933
471
188
53
347
61
917
326
843
128
257
778
332
637
49
331
66
535
662
743
17
690
109
467
842
316
153
761
426
220
956
384
792
667
730
618
641
342
357
437
281
442
597
722
147
24
730
639
699
56
889
263
185
281
389
804
556
474
208
645
250
908
435
800
803
539
928
13
280
1018
652
978
99
814
920
749
749
582
305
291
1004
496
310
295
324
1016
40
283
750
420
424
5
16
315
417
32
525
146
494
744
655
755
645
1000
45
617
8
425
76
280
588
204
547
326
442
828
498
625
410
970
862
534
48
393
470
912
654
256
649
911
55
356
385
74
332
936
725
506
215
231
409
876
829
66
800
289
9
590
317
357
256
373
731
870
422
542
972
58
898
92
417
432
1006
383
465
335
305
839
323
516
618
854
382
38
413
51
505
582
598
599
344
224
827
228
725
409
780
922
844
367
181
844
435
766
253
162
463
892
383
168
378
270
438
52
919
113
361
713
959
350
241
322
255
400
502
576
336
385
523
142
87
929
314
299
116
265
64
815
869
849
689
814
347
818
842
589
257
265
257
700
60
473
557
918
815
339
358
326
809
322
842
954
674
594
762
506
37
387
482
48
53
989
190
430
423
72
434
155
636
599
57
486
88
120
658
1017
632
336
442
444
876
957
565
279
308
690
820
152
956
14
436
350
218
58
817
257
74
296
342
403
388
125
113
316
35
922
860
763
704
479
673
441
933
530
762
355
618
252
449
880
69
281
720
669
133
869
303
241
184
78
388
437
838
390
526
284
229
710
550
628
512
465
159
81
695
4
440
445
328
806
763
454
1019
601
650
313
745
383
370
340
4
858
632
978
467
260
384
993
808
919
145
274
381
692
188
17
1018
562
312
991
446
23
347
462
94
458
266
206
143
698
193
522
620
632
778
592
470
321
13
286
802
55
979
463
593
785
675
32
212
488
508
568
746
649
446
801
709
579
910
324
44
284
33
770
312
392
760
741
671
561
895
617
454
582
657
70
580
645
1023
258
272
398
942
825
640
778
468
614
322
694
365
7
2
559
798
222
134
795
816
952
156
74
78
114
245
691
161
212
520
974
937
486
97
65
840
574
93
862
976
968
616
503
362
489
578
729
285
574
98
288
201
751
304
170
16
990
929
354
244
260
539
216
276
865
277
501
556
687
469
254
858
972
162
945
34
433
76
503
742
991
1017
17
1020
294
254
842
214
399
923
352
975
835
878
483
450
405
180
633
31
548
110
840
835
269
408
458
875
820
140
8
537
